image_width: 640
image_height: 480
camera_name: narrow_stereo
camera_matrix:
  rows: 3
  cols: 3
  data: [573.45786,   0.     , 297.18495,
           0.     , 577.94175, 261.21473,
           0.     ,   0.     ,   1.     ]
distortion_model: plumb_bob
distortion_coefficients:
  rows: 1
  cols: 5
  data: [-0.457031, 0.215615, -0.002577, 0.004956, 0.000000]
rectification_matrix:
  rows: 3
  cols: 3
  data: [1., 0., 0.,
         0., 1., 0.,
         0., 0., 1.]
projection_matrix:
  rows: 3
  cols: 4
  data: [482.44252,   0.     , 293.83277,   0.     ,
           0.     , 527.98383, 264.36527,   0.     ,
           0.     ,   0.     ,   1.     ,   0.     ]
