image_width: 640
image_height: 480
camera_name: narrow_stereo
camera_matrix:
  rows: 3
  cols: 3
  data: [566.60525,   0.     , 305.37274,
           0.     , 569.4229 , 269.17774,
           0.     ,   0.     ,   1.     ]
distortion_model: plumb_bob
distortion_coefficients:
  rows: 1
  cols: 5
  data: [-0.445594, 0.199982, -0.005559, 0.003866, 0.000000]
rectification_matrix:
  rows: 3
  cols: 3
  data: [1., 0., 0.,
         0., 1., 0.,
         0., 0., 1.]
projection_matrix:
  rows: 3
  cols: 4
  data: [475.95423,   0.     , 303.9405 ,   0.     ,
           0.     , 519.7775 , 272.61878,   0.     ,
           0.     ,   0.     ,   1.     ,   0.     ]
